[ 0.89120998  0.94876281   1.             -1.             -0.43723146       -0.3877285    -0.33816359   -0.28853667       -0.23884765]

[ 0.84010874  0.           0.              0.              0.                0.            0.            0.               -0.18288533]

[ 0.78907136  0.           0.14527719      0.19074264      0.23506742        0.204553      0.16662068    0.               -0.13306412]

[ 0.73809777  0.           0.18340822      0.23845414      0.29476649        0.25578623    0.21213767    0.               -0.08318057]

[ 0.68718787  0.           0.              0.              0.35709695        0.30673987    0.25699709    0.               -0.0332346 ]

[0.62930024   0.57289885   0.5221954       0.47155532      0.41388845        0.35709695    0.30115086    0.                0.01677387]

[0.57289885   0.52782286   0.              0.              0.                0.            0.            0.                0.06684491]

[0.51706708   0.47598917   0.42540683      0.3748877       0.32443171        0.27403876    0.2237088     0.17344173        0.1169786 ]
